7671.91,890.833,6060.44:1:1,0,0,0,1,0,0,0,1:world_objects\nature\water\model\asset\N_W_Droughtland_wateringhole_01.nif:23dc01e8
7200.09,847.903,6880.74:1:1,0,0,0,1,0,0,0,1:world_objects\nature\desert\rocks\model\asset\N_D_shimmersand_capped_cave_03.nif:23dc0778
7296,820,4480:1:1,0,0,0,1,0,0,0,1:world_objects\nature\water\model\asset\N_W_ocean_chunk.nif:23dc0d08
7296,820,4224:1:1,0,0,0,1,0,0,0,1:world_objects\nature\water\model\asset\N_W_ocean_chunk.nif:23dc1298
7296,820,3968:1:1,0,0,0,1,0,0,0,1:world_objects\nature\water\model\asset\N_W_ocean_chunk.nif:23dc1828
7296,820,3712:1:1,0,0,0,1,0,0,0,1:world_objects\nature\water\model\asset\N_W_ocean_chunk.nif:23dc1db8
6950.78,943.982,6555.92:1:0.472704,0,0.881222,0,1,0,-0.881222,0,0.472704:world_objects\architecture\_common\buildings\model\asset\A_C_arcane_tower_01.nif:23dc2348
7040,880,6528:1:1,0,0,0,1,0,0,0,1:world_objects\nature\water\model\asset\N_W_great_lake_water_chunk_01.nif:23dc28d8
7040,880,6272:1:1,0,0,0,1,0,0,0,1:world_objects\nature\water\model\asset\N_W_great_lake_water_chunk_01.nif:23dc2e68
7040,880,6016:1:1,0,0,0,1,0,0,0,1:world_objects\nature\water\model\asset\N_W_great_lake_water_chunk_01.nif:23dc33f8
6967.62,956.456,5378.15:1:1,0,0,0,1,0,0,0,1:[none]:23dc3988
6988,961,5341:1:-1,0,0,0,1,0,0,0,-1:world_objects\architecture\_common\_modular\model\asset\A_C_keep_overwatch_tower_extension_03.nif:23dc3f18
6930,961,5341:1:-2.98023e-06,0,1,0,1,0,-1,0,-2.98023e-06:world_objects\architecture\_common\_modular\model\asset\A_C_keep_overwatch_tower_extension_03.nif:23dc44a8
7040,820,4992:1:1,0,0,0,1,0,0,0,1:world_objects\nature\water\model\asset\N_W_ocean_chunk.nif:23dc4a38
7040,820,4736:1:1,0,0,0,1,0,0,0,1:world_objects\nature\water\model\asset\N_W_ocean_chunk.nif:23dc4fc8
7040,820,4480:1:1,0,0,0,1,0,0,0,1:world_objects\nature\water\model\asset\N_W_ocean_chunk.nif:23dc5558
7040,820,4224:1:1,0,0,0,1,0,0,0,1:world_objects\nature\water\model\asset\N_W_ocean_chunk.nif:23dc5ae8
7040,820,3968:1:1,0,0,0,1,0,0,0,1:world_objects\nature\water\model\asset\N_W_ocean_chunk.nif:23dc6078
7040,820,3712:1:1,0,0,0,1,0,0,0,1:world_objects\nature\water\model\asset\N_W_ocean_chunk.nif:23dc6608
6784,880,6528:1:1,0,0,0,1,0,0,0,1:world_objects\nature\water\model\asset\N_W_great_lake_water_chunk_01.nif:23dc6b98
6791.62,926.309,6616.08:1:0.373537,-0,-0.927615,0,1,-0,0.927615,0,0.373537:world_objects\architecture\forest\_modular\model\asset\A_F_Scarwood_RopeBridge_01.nif:23dc7128
6702.94,930.351,6402.15:1:0.907714,0,0.419589,0,1,0,-0.419589,0,0.907714:world_objects\architecture\desert\buildings\model\asset\A_D_shimmersand_prison_whole_01.nif:23dc76b8
6784,880,6272:1:1,0,0,0,1,0,0,0,1:world_objects\nature\water\model\asset\N_W_great_lake_water_chunk_01.nif:23dc7c48
6680.71,887.143,6335.57:1:1,0,0,0,1,0,0,0,1:world_objects/dungeons/cave/cave_shimmersand/model/asset/D_cave_shimmersand_01.nif:23dc81d8
6668.86,887.826,6386.88:1:1,0,0,0,1,0,0,0,1:world_objects/dungeons/cave/cave_shimmersand/model/asset/D_cave_shimmersand_02.nif:23dc8768
6668.86,903.958,6386.88:1:1,0,0,0,1,0,0,0,1:world_objects/dungeons/cave/cave_shimmersand/model/asset/D_cave_shimmersand_02.nif:23dc8cf8
6784,880,6016:1:1,0,0,0,1,0,0,0,1:world_objects\nature\water\model\asset\N_W_great_lake_water_chunk_01.nif:23dc9288
6784,880,5760:1:1,0,0,0,1,0,0,0,1:world_objects\nature\water\model\asset\N_W_great_lake_water_chunk_01.nif:23dc9818
6693.33,852.164,5125.4:1.517:-0.158689,-0.104842,0.981746,0.00516606,0.994244,0.107012,-0.987315,0.0220534,-0.157234:world_objects\nature\plains\trees\model\asset\N_P_Freemarchlargetree_01.nif:23dc9da8
6668.58,874.422,5336.82:1:0.941735,0,0.336355,0,1,0,-0.336355,0,0.941735:world_objects\architecture\plains\buildings\model\asset\A_P_house_small_burnt_01.nif:23dca338
6689.57,877,5364.74:1:-0.5,0,0.866025,0,1,0,-0.866025,0,-0.5:world_objects\architecture\_common\_modular\model\asset\A_C_keep_overwatch_tower_destroyed_01.nif:23dca8c8
6698.23,877,5359.74:1:-0.5,0,0.866025,0,1,0,-0.866025,0,-0.5:world_objects\architecture\_common\_modular\model\asset\A_C_keep_overwatch_wall_tower_connection_03.nif:23dcae58
6705.13,877,5355.76:1:-0.5,0,0.866025,0,1,0,-0.866025,0,-0.5:world_objects\architecture\_common\_modular\model\asset\A_C_keep_overwatch_wall_05.nif:23dcb3e8
6663.18,848.073,5148.81:1:1,0,0,0,1,0,0,0,1:vfx\model\asset\locator_01.nif:23dcb978
6700.79,874.774,5328.72:1:0.665125,0,0.746732,0,1,0,-0.746732,0,0.665125:world_objects/architecture/forest/buildings/model/asset/A_F_respawn_pad_overgrown_01.nif:23dcbf08
6687.29,875.193,5342.37:0.876404:0.919804,0,0.392378,0,1,0,-0.392378,0,0.919804:world_objects\architecture\_common\buildings\model\asset\A_C_defiant_tent_02.nif:23dcc498
6665.45,854.984,5071.22:1.08031:0.446849,-0.0349351,-0.893927,-0.00733417,0.999061,-0.0427099,0.89458,0.0256411,0.446173:world_objects\nature\plains\trees\model\asset\N_P_Freemarchmediumtree_01.nif:23dcca28
6663.29,855.943,5058.52:1.21049:0.53065,-0.0534215,-0.845906,0.0381028,0.998506,-0.0391561,0.846734,-0.0114532,0.531893:world_objects\nature\plains\trees\model\asset\N_P_Freemarchmediumtree_01.nif:23dccfb8
6667.94,850.7,5119.17:1:1,0,0,0,1,0,0,0,1:world_objects\nature\water\model\asset\N_W_freemarch_rillpond_01.nif:23dcd548
6687.17,850.7,5119.28:1:0.813905,-0,-0.580998,0,1,-0,0.580998,0,0.813905:world_objects\vehicle\ships\model\asset\V_ship_row_boat_01.nif:23dcdad8
6784,820,4736:1:1,0,0,0,1,0,0,0,1:world_objects\nature\water\model\asset\N_W_ocean_chunk.nif:23dce068
6784,820,4480:1:1,0,0,0,1,0,0,0,1:world_objects\nature\water\model\asset\N_W_ocean_chunk.nif:23dce5f8
6784,820,4224:1:1,0,0,0,1,0,0,0,1:world_objects\nature\water\model\asset\N_W_ocean_chunk.nif:23dceb88
6784,820,3968:1:1,0,0,0,1,0,0,0,1:world_objects\nature\water\model\asset\N_W_ocean_chunk.nif:23dcf118
6783.06,866.775,3908.25:1:0.210745,-0,-0.977541,0,1,-0,0.977541,0,0.210745:world_objects\architecture\_common\_modular\model\asset\A_C_keep_overwatch_tower_extension_01.nif:23dcf6a8
6784,820,3712:1:1,0,0,0,1,0,0,0,1:world_objects\nature\water\model\asset\N_W_ocean_chunk.nif:23dcfc38
6612.98,967.125,6845.19:1:1,0,0,0,1,0,0,0,1:world_objects\nature\desert\rocks\model\asset\N_D_shimmersand_rockbridge_01.nif:23dd01c8
6460.13,882,6761:1:-4.64916e-06,0,1,0,1,0,-1,0,-4.64916e-06:world_objects\nature\desert\rocks\model\asset\N_D_shimmersand_capped_cave_01.nif:23dd0758
6595,825,6865:1:1,0,0,0,1,0,0,0,1:world_objects\dungeons\cave\cave_mossy\model\asset\D_cave_mossy_entrance_03.nif:23dd0ce8
6528,880,6784:1:1,0,0,0,1,0,0,0,1:world_objects\nature\water\model\asset\N_W_great_lake_water_chunk_01.nif:23dd1278
6528,880,6528:1:1,0,0,0,1,0,0,0,1:world_objects\nature\water\model\asset\N_W_great_lake_water_chunk_01.nif:23dd1808
6528,880,6272:1:1,0,0,0,1,0,0,0,1:world_objects\nature\water\model\asset\N_W_great_lake_water_chunk_01.nif:23dd1d98
6528,880,6016:1:1,0,0,0,1,0,0,0,1:world_objects\nature\water\model\asset\N_W_great_lake_water_chunk_01.nif:23dd2328
6784,880,6784:1:1,0,0,0,1,0,0,0,1:world_objects\nature\water\model\asset\N_W_great_lake_water_chunk_01.nif:23dd28b8
6896,881,6709:1:-1,0,0,0,1,0,0,0,-1:world_objects\nature\desert\rocks\model\asset\N_D_shimmersand_capped_cave_01.nif:23dd2e48
6866.12,896.857,6786.09:1:0.114776,0,0.993391,0,1,0,-0.993391,0,0.114776:world_objects\nature\desert\rocks\model\asset\N_D_shimmersand_capped_cave_03.nif:23dd33d8
6513,886.774,5649.51:0.936274:0.76844,-0.0787005,0.635064,-0.0113947,0.990568,0.136544,-0.639821,-0.112162,0.760295:world_objects\nature\plains\trees\model\asset\N_P_Freemarchlargetree_01.nif:23dd3968
6429.43,885.034,5632.21:1.10474:0.173392,0.0232936,-0.984577,-0.0236047,0.999531,0.0194904,0.98457,0.0198611,0.173861:world_objects\nature\plains\trees\model\asset\N_P_Freemarchmediumtree_01.nif:23dd3ef8
6528,880,5760:1:1,0,0,0,1,0,0,0,1:world_objects\nature\water\model\asset\N_W_great_lake_water_chunk_01.nif:23dd4488
6472.6,884.286,5672.19:1:0.549926,0.163926,0.818969,0.0279883,0.976383,-0.214228,-0.834745,0.140731,0.53235:world_objects\nature\plains\trees\model\asset\N_P_Freemarchlargetree_01.nif:23dd4a18
6467.07,885.116,5669.03:1:0.999969,0.00784441,0.000967115,-0.0079038,0.992455,0.122357,-8.73115e-11,-0.122361,0.992486:world_objects\nature\plains\trees\model\asset\N_P_Freemarchmediumtree_01.nif:23dd4fa8
6473.29,884.643,5621.38:1.31688:0.999369,0.0354628,-0.00221064,-0.0355316,0.997432,-0.0621784,-5.69271e-08,0.0622177,0.998063:world_objects\nature\plains\trees\model\asset\N_P_Freemarchmediumtree_01.nif:23dd5538
6489.31,883.801,5609.78:1.25886:0.99998,-0.00628486,-0.00013618,0.00628634,0.999745,0.0216924,-1.886e-07,-0.0216928,0.999765:world_objects\nature\plains\trees\model\asset\N_P_Freemarchlargetree_01.nif:23dd5ac8
6421.27,885.802,5621.73:1.26109:0.965879,0.117033,0.231042,-0.107327,0.992746,-0.054185,-0.235707,0.027539,0.971434:world_objects\nature\plains\trees\model\asset\N_P_Freemarchlargetree_01.nif:23dd6058
6599.46,896.732,5569.32:1.0811:0.782012,-0.0189676,0.622975,0.0580569,0.997408,-0.0425101,-0.620554,0.0694113,0.781086:world_objects\nature\plains\trees\model\asset\N_P_Freemarchmediumtree_01.nif:23dd65e8
6545.91,866.43,5468.47:1:0.870441,0.0879023,-0.484361,-0.20464,0.959495,-0.193628,0.447721,0.267661,0.853172:world_objects\nature\plains\trees\model\asset\N_P_freemarch_rootTree_burnt_01.nif:23dd6b78
6649.94,875.217,5420.83:1.16639:0.916405,0.0239055,-0.399537,0.0230651,0.993402,0.112342,0.399587,-0.112166,0.909807:world_objects\nature\plains\trees\model\asset\N_P_Freemarchlargetree_01.nif:23dd7108
6624.07,874.951,5455.77:1.18336:0.996428,-0.0840763,-0.00787992,0.0844448,0.992081,0.0929762,4.19095e-07,-0.0933096,0.995637:world_objects\nature\plains\trees\model\asset\N_P_Freemarchlargetree_01.nif:23dd7698
6640.93,880.878,5512:1:0.999385,-0.033549,-0.0102297,0.035074,0.955931,0.291489,-3.05008e-07,-0.291668,0.95652:world_objects\nature\plains\trees\model\asset\N_P_Freemarchmediumtree_burnt_01.nif:23dd7c28
6633.46,880.741,5515.09:1:1,0,0,0,1,0,0,0,1:world_objects\nature\plains\trees\model\asset\N_P_Freemarchlargetree_burnt_01.nif:23dd81b8
6543.16,878.442,5524.26:1:0.986221,0.165427,-0.00172027,-0.165021,0.984432,0.0605078,0.0117031,-0.0593901,0.998166:world_objects\nature\plains\trees\model\asset\N_P_Freemarchlargetree_01.nif:23dd8748
6537.16,878.361,5526.14:1:-0.651069,-0.180649,-0.737208,-0.185424,0.979691,-0.0763098,0.736021,0.0870129,-0.671343:world_objects\nature\plains\trees\model\asset\N_P_Freemarchmediumtree_01.nif:23dd8cd8
6550.8,864.69,5400.1:1:0.419853,-0.155774,-0.894124,-5.66244e-07,0.985161,-0.171634,0.907592,0.0720617,0.413623:world_objects\nature\plains\trees\model\asset\N_P_Freemarchlargetree_burnt_01.nif:23dd9268
6571,868.483,5207.02:1:-0.781036,-0.00857303,0.624427,0.0497659,0.995871,0.0759203,-0.6225,0.0903717,-0.777385:world_objects\nature\plains\trees\model\asset\N_P_Freemarchmediumtree_01.nif:23dd97f8
6581.88,862.615,5175.33:1.15785:-0.162041,0.192156,0.967894,-0.181841,0.958245,-0.220684,-0.969885,-0.211762,-0.120333:world_objects\nature\plains\trees\model\asset\N_P_Freemarchlargetree_01.nif:23dd9d88
6511.81,868.154,5198.2:0.939019:0.391998,0.222672,-0.892611,0.0147958,0.968614,0.248129,0.919847,-0.110473,0.376401:world_objects\nature\plains\trees\model\asset\N_P_Freemarchmediumtree_01.nif:23dda318
6442.27,869.461,5327.49:1.30507:-0.993241,-0.0472191,-0.106034,-0.044249,0.998564,-0.0301923,0.107308,-0.0252963,-0.993904:world_objects\nature\plains\trees\model\asset\N_P_Freemarchlargetree_01.nif:23dda8a8
6448.5,868.539,5321.54:0.97177:0.969954,0.235772,0.0600045,-0.243288,0.939989,0.239232,8.25152e-07,-0.246643,0.969106:world_objects\nature\plains\trees\model\asset\N_P_Freemarchmediumtree_01.nif:23ddae38
6405.58,868.126,5245.42:1.33429:-0.756655,0.101108,0.645949,0.0297536,0.992272,-0.120464,-0.653137,-0.0719308,-0.753816:world_objects\nature\plains\trees\model\asset\N_P_Freemarchmediumtree_01.nif:23ddb3c8
6576.06,866.454,5201.14:1.16316:0.804989,0.0505909,-0.591129,0.0319213,0.991221,0.128302,0.592431,-0.122151,0.796307:world_objects\nature\plains\trees\model\asset\N_P_Freemarchlargetree_01.nif:23ddb958
6537.14,863.404,5373.5:1:1,0,0,0,1,0,0,0,1:world_objects\nature\water\model\asset\N_W_freemarch_redmire_01.nif:23ddbee8
6595.34,871.994,5283.29:0.657337:0.982248,0.187554,0.00359889,-0.187588,0.982067,0.0188399,-8.60775e-07,-0.0191805,0.999816:world_objects\nature\plains\trees\model\asset\N_P_Freemarchlargetree_01.nif:23ddc478
6589.1,871.345,5276.88:0.635279:0.999568,0.0291193,0.00410177,-0.0294068,0.989795,0.139433,2.72645e-07,-0.139493,0.990223:world_objects\nature\plains\trees\model\asset\N_P_Freemarchmediumtree_01.nif:23ddca08
6551.05,870.806,5310.89:1:0.998523,0.0537491,-0.00793637,-0.0543318,0.987811,-0.145869,-6.83591e-07,0.146085,0.989272:world_objects\nature\plains\trees\model\asset\N_P_Freemarchlargetree_01.nif:23ddcf98
6536.54,870.661,5311.23:1:0.988571,-0.150051,0.014545,0.150754,0.98396,-0.095377,-2.69618e-07,0.0964797,0.995335:world_objects\nature\plains\trees\model\asset\N_P_Freemarchmediumtree_01.nif:23ddd528
6577.57,864.15,5174.62:1:-0.635256,-0.404115,-0.658135,-0.0448997,0.870057,-0.490902,0.770996,-0.282299,-0.570853:world_objects\nature\plains\trees\model\asset\N_P_Freemarchmediumtree_01.nif:23dddab8
6486.75,864.348,5191.14:1.06138:0.906338,0.037542,0.420882,-0.104724,0.984928,0.137661,-0.40937,-0.168844,0.896609:world_objects\nature\plains\trees\model\asset\N_P_Freemarchlargetree_01.nif:23dde048
6403.51,857.708,5008.75:0.994177:-0.654331,0.0852877,-0.751383,0.051337,0.996337,0.0683858,0.754464,0.00617316,-0.656313:world_objects\nature\plains\trees\model\asset\N_P_Freemarchmediumtree_01.nif:23dde5d8
6411.96,851.374,4887.7:1.01632:0.740273,-0.041478,-0.671026,0.156115,0.981419,0.111561,0.65393,-0.187342,0.732993:world_objects\nature\plains\trees\model\asset\N_P_Freemarchlargetree_01.nif:23ddeb68
6595.56,854.195,4945.91:0.965167:-0.933842,-0.0873406,0.346859,-0.118131,0.990626,-0.068598,-0.337616,-0.105034,-0.935406:world_objects\nature\plains\trees\model\asset\N_P_Freemarchlargetree_01.nif:23ddf0f8
6571.77,851.484,5031.04:1.16316:-0.718299,-0.0187689,-0.695482,0.0216374,0.99855,-0.049295,0.695399,-0.050457,-0.716851:world_objects\nature\plains\trees\model\asset\N_P_Freemarchlargetree_01.nif:23ddf688
6099.93,918.521,5180.58:1.05:0.207975,-1.76337e-05,-0.978134,0,1,-1.80279e-05,0.978134,3.74936e-06,0.207975:character\creature\human\human_female_medium\rig\asset\human_female_medium_defiant_guard_caster_01.nif:69b60008
6101.8,918.521,5178.77:1.05:0.19546,-2.61811e-05,-0.980712,0,1,-2.66961e-05,0.980712,5.21801e-06,0.19546:character\creature\human\human_male_medium\rig\asset\human_male_medium_defiant_guard_01.nif:69b60598
6142.78,918.484,5291.42:1:0.958222,-1.31399e-05,0.286024,0,1,4.59398e-05,-0.286024,-4.40205e-05,0.958222:character\creature\elf\elf_female_medium\rig\asset\elf_female_medium_aelfwar_artillery_weapon_0.nif:69b60b28
6172.07,945.981,5245.01:1:0.431917,-1.86642e-05,0.901914,0,1,2.0694e-05,-0.901914,-8.93807e-06,0.431917:character\creature\target\target_null\rig\asset\target_null_01.nif:69b610b8
6122.09,946.088,5214.72:1:0.515272,-2.11629e-05,0.857027,0,1,2.46934e-05,-0.857027,-1.27238e-05,0.515272:character\creature\target\target_null\rig\asset\target_null_01.nif:69b61648
6120.22,935.478,5222.58:1:0.870724,2.05201e-05,-0.491773,0,1,4.17268e-05,0.491773,-3.63325e-05,0.870724:character\creature\target\target_null\rig\asset\target_null_01.nif:69b61bd8
6127.97,935.075,5209.22:1:-0.861209,2.09759e-05,0.508251,0,1,-4.12707e-05,-0.508251,-3.55427e-05,-0.861209:character\creature\target\target_null\rig\asset\target_null_01.nif:69b62168
6116.78,938.015,5282.74:1:-0.290271,1.33113e-05,0.956945,0,1,-1.39102e-05,-0.956945,-4.03772e-06,-0.290271:character\creature\target\target_null\rig\asset\target_null_01.nif:69b626f8
6151.3,918.719,5251.89:1.05:-0.907478,-1.82642e-05,0.4201,0,1,4.34759e-05,-0.4201,3.94534e-05,-0.907478:character\creature\human\human_female_medium\rig\asset\human_female_medium_guard_cartel_soldier_01_unarmed.nif:69b62c88
6151.89,918.798,5253.98:0.98:-0.906346,-1.83578e-05,0.422536,0,1,4.34468e-05,-0.422536,3.93779e-05,-0.906346:character\creature\human\human_male_medium\rig\asset\human_male_medium_guard_cartel_soldier_0_unarmed.nif:69b63218
6109.07,918.521,5177.23:1.05:-0.644123,3.48065e-05,0.764922,0,1,-4.55033e-05,-0.764922,-2.93098e-05,-0.644123:character\creature\human\human_female_medium\rig\asset\human_female_medium_guard_cartel_soldier_01_unarmed.nif:69b637a8
6109.18,918.521,5179.07:0.96:-0.680636,3.33546e-05,0.732622,0,1,-4.55278e-05,-0.732622,-3.09879e-05,-0.680636:character\creature\human\human_male_medium\rig\asset\human_male_medium_guard_cartel_soldier_0_unarmed.nif:69b63d38
6151.99,918.533,5288.43:1:-0.47307,0,-0.881025,0,1,0,0.881025,0,-0.47307:world_objects\props\_common\creatures\model\asset\P_C_sobek_sparring_dummy_01.nif:69b642c8
6119.54,918.546,5231.58:1.2:-0.124756,5.93693e-06,0.992187,0,1,-5.98367e-06,-0.992187,-7.465e-07,-0.124756:character\creature\human\human_male_medium\rig\asset\human_male_medium_guard_tbarrens_0_a_unarmed.nif:69b64858
6131.01,918.521,5199.08:1:0.294168,1.34732e-05,-0.955754,0,1,1.40969e-05,0.955754,-4.14686e-06,0.294168:character\creature\human\human_male_medium\rig\asset\human_male_medium_guard_moonshade_0_a.nif:69b64de8
6130.09,918.521,5200.32:1:-0.997312,3.50182e-06,0.0732701,0,1,-4.77933e-05,-0.0732701,-4.76648e-05,-0.997312:character\creature\human\human_female_medium\rig\asset\human_female_medium_caretaker_citizen_01_b.nif:69b65378
6131.49,918.521,5200.41:1:-0.65375,-2.37042e-05,-0.75671,0,1,-3.13253e-05,0.75671,-2.04789e-05,-0.65375:character\creature\human\human_female_medium\rig\asset\human_female_medium_caretaker_ranger_01.nif:69b65908
6158.86,918.487,5205.61:1:0.610262,-2.31678e-05,0.792199,0,1,2.92449e-05,-0.792199,-1.7847e-05,0.610262:character\mount\horse\rig\asset\horse.nif:69b66430
6144.6,918.56,5212.24:1:1,2.29622e-09,-4.79157e-05,0,1,4.79221e-05,4.79157e-05,-4.79221e-05,1:character\mount\horse\rig\asset\horse_variant_001.nif:69b669c0
6158.09,918.487,5207.28:1:0.59295,-2.28812e-05,0.805239,0,1,2.84155e-05,-0.805239,-1.6849e-05,0.59295:character\mount\horse\rig\asset\horse_variant_002.nif:69b66f50
6142.05,918.521,5186.74:1:-0.915789,-1.76275e-05,-0.401659,0,1,-4.38868e-05,0.401659,-4.0191e-05,-0.915789:character\creature\human\human_female_medium\rig\asset\human_female_medium_brevane_guard_01.nif:69b674e0
6140.67,918.521,5189.14:1:0.0846665,4.04785e-06,-0.996409,0,1,4.06244e-06,0.996409,-3.43952e-07,0.0846665:character\creature\human\human_male_medium\rig\asset\human_male_medium_brevane_guard_01.nif:69b685a0
6140.45,918.521,5187.39:1:-0.501279,-2.07865e-05,-0.865285,0,1,-2.40227e-05,0.865285,-1.20421e-05,-0.501279:character\creature\human\human_male_medium\rig\asset\human_male_medium_brevane_citizen_01_a.nif:69b69660
6139.46,918.521,5191.66:1:-0.537726,-2.17267e-05,-0.843119,0,1,-2.57695e-05,0.843119,-1.38569e-05,-0.537726:character\creature\human\human_male_medium\rig\asset\human_male_medium_brevane_guard_02.nif:69b69bf0
6136.44,920.532,5169.21:2:0.945212,1.47879e-05,-0.326457,0,1,4.52982e-05,0.326457,-4.28164e-05,0.945212:character\creature\bogling\bogling_rake\rig\asset\bogling_rake.nif:69b6a718
6122.77,918.521,5205.85:1:-0.958619,1.30788e-05,0.284691,0,1,-4.59404e-05,-0.284691,-4.40394e-05,-0.958619:character\creature\dwarf\dwarf_male_medium\rig\asset\dwarf_male_medium_flame_keeper_01_a.nif:69b6aca8
6124.19,918.521,5206.48:1:-0.853012,2.13338e-05,0.521891,0,1,-4.08779e-05,-0.521891,-3.48693e-05,-0.853012:character\creature\human\human_male_medium\rig\asset\human_male_medium_firesand_vendor_01_b.nif:69b6b7d0
6142.8,918.521,5183.31:1:-0.121045,-5.75862e-06,-0.992647,0,1,-5.80128e-06,0.992647,-7.02218e-07,-0.121045:character\creature\human\human_female_medium\rig\asset\human_female_medium_guard_scarletgorge_01_a_unarmed.nif:69b6bd60
6220.61,891.337,5297.94:0.7:-0.747091,0,0.664722,0,1,0,-0.664722,0,-0.747091:world_objects\props\_common\quests\model\asset\P_C_wardstone_hub_defiant_upgrade_03.nif:69b6c2f0
6474.45,846.156,4846.74:0.7:-0.999811,0,-0.0194586,0,1,0,0.0194586,0,-0.999811:world_objects\props\_common\quests\model\asset\P_C_wardstone_hub_defiant_upgrade_03.nif:69b6c880
5696.02,1079.04,5104.39:0.7:0.568674,0,-0.822563,0,1,0,0.822563,0,0.568674:world_objects\props\_common\quests\model\asset\P_C_wardstone_hub_defiant_upgrade_03.nif:69b6ce10
6403.78,871.325,5350.7:1:0.893182,0,0.449696,0,1,0,-0.449696,0,0.893182:world_objects\rifts\common\R_C_rift_01_avstate\asset\R_C_rift_01.nif:69b6d3a0
6177.45,918.468,5228.42:0.602372:0.721942,0,0.691954,0,1,0,-0.691954,0,0.721942:world_objects\rifts\fire\R_F_rift_stone_05\rig\asset\R_F_rift_stone_05.nif:69b6d930
6179.82,918.503,5223.58:0.5:-0.218752,0,0.97578,0,1,0,-0.97578,0,-0.218752:world_objects\rifts\fire\R_F_rift_stone_02\rig\asset\R_F_rift_stone_02.nif:69b6dec0
6173.1,918.491,5231.46:0.5:0.981522,0,0.191348,0,1,0,-0.191348,0,0.981522:world_objects\rifts\fire\R_F_rift_stone_03\rig\asset\R_F_rift_stone_03.nif:69b6e450
6174.43,919.907,5226.2:0.5:0.936751,0,0.349996,0,1,0,-0.349996,0,0.936751:vfx\model\asset\locator_01.nif:69b6e9e0
6174.4,918.541,5226.22:1:1,0,0,0,1,0,0,0,1:world_objects/props/plains/magical/model/asset/P_P_magitech_undead_02.nif:69b6ef70
6133.27,918.508,5271.75:1:0.404394,0,0.914585,0,1,0,-0.914585,0,0.404394:world_objects\props\_common\containers\model\asset\P_C_crate_01.nif:69b6f500
6126.5,918.536,5215.39:1.05:-0.509386,-3.91499e-05,-0.860538,0,1,-4.54947e-05,0.860538,-2.31744e-05,-0.509386:character\creature\human\human_male_medium\rig\asset\human_male_medium_defiant_guard_01.nif:69b10008
6084.79,918.521,5250.31:1.05:-0.50418,-2.0866e-05,-0.863599,0,1,-2.41617e-05,0.863599,-1.21819e-05,-0.50418:character\creature\human\human_male_medium\rig\asset\human_male_medium_defiant_guard_01.nif:69b10598
6103.68,918.521,5246.4:1.05:-0.617643,2.3278e-05,0.786459,0,1,-2.95985e-05,-0.786459,-1.82813e-05,-0.617643:character\creature\human\human_female_medium\rig\asset\human_female_medium_defiant_guard_caster_01.nif:69b10b28
6117.06,918.545,5254.06:1:0.986857,-0,-0.161596,0,1,-0,0.161596,0,0.986857:world_objects/nature/plains/plants/model/asset/N_P_rift_plant_large_02.nif:69b110b8
6118.2,918.544,5242.79:1:-0.855075,0,0.518504,0,1,0,-0.518504,0,-0.855075:world_objects/nature/plains/plants/model/asset/N_P_rift_plant_large_01.nif:69b11648
6159.95,921.766,5243.95:1:0.281317,-0,-0.959615,0,1,-0,0.959615,0,0.281317:world_objects\props\plains\flags_signs\model\asset\P_P_signpost_01_arrow.nif:69b11bd8
6159.98,921.587,5244.05:1:0.562111,0,0.827061,0,1,0,-0.827061,0,0.562111:world_objects\props\plains\flags_signs\model\asset\P_P_signpost_01_arrow.nif:69b12168
6159.95,918.486,5244.04:1:-0.722193,0,-0.691692,0,1,0,0.691692,0,-0.722193:world_objects\props\plains\flags_signs\model\asset\P_P_signpost_01_post.nif:69b126f8
6135.74,918.501,5231.37:1:-0.779378,0,0.626554,0,1,0,-0.626554,0,-0.779378:world_objects/props/plains/magical/model/asset/P_P_magitech_undead_01.nif:69b12c88
6136.22,918.49,5215.1:1:0.913686,-0,-0.40642,0,1,-0,0.40642,0,0.913686:world_objects\props\plains\mailboxes\model\asset\P_P_mailbox_02.nif:69b13218
6172.02,945.028,5244.86:0.381808:0.43181,0,0.901965,0,1,0,-0.901965,0,0.43181:world_objects/props/_common/monuments/model/asset/P_C_defiant_def_turret_01.nif:69b137a8
6122.03,945.135,5214.56:0.381808:0.51525,0,0.85704,0,1,0,-0.85704,0,0.51525:world_objects/props/_common/monuments/model/asset/P_C_defiant_def_turret_01.nif:69b13d38
6120.17,934.524,5222.43:0.381808:0.870721,-0,-0.491777,0,1,-0,0.491777,0,0.870721:world_objects/props/_common/monuments/model/asset/P_C_defiant_def_turret_01.nif:69b142c8
6127.92,934.524,5209.07:0.381808:-0.861239,0,0.5082,0,1,0,-0.5082,0,-0.861239:world_objects/props/_common/monuments/model/asset/P_C_defiant_def_turret_01.nif:69b14858
6174.96,918.523,5224.71:1:-0.973381,-1.0691e-05,-0.229191,0,1,-4.66465e-05,0.229191,-4.54048e-05,-0.973381:character\creature\bahmi\bahmi_female_medium\rig\asset\bahmi_female_medium_scholar_0_a_unarmed.nif:69b14de8
6168.49,918.487,5223.65:0.1:-0.231594,-4.44457e-05,0.972812,0,1,4.56879e-05,-0.972812,1.05811e-05,-0.231594:ep1\character\creature\hellbug\hellbug_mob\rig\asset\hellbug_mob.nif:69b15378
6178.74,918.931,5225.3:0.1:-0.932399,-1.46638e-05,0.361431,0,1,4.05716e-05,-0.361431,3.78289e-05,-0.932399:ep1\character\creature\hellbug\hellbug_mob\rig\asset\hellbug_mob.nif:69b15908
6168.54,918.487,5221.95:0.1:0.15376,4.26739e-06,-0.988108,0,1,4.31874e-06,0.988108,-6.64048e-07,0.15376:ep1\character\creature\hellbug\hellbug_mob\rig\asset\hellbug_mob.nif:69b15e98
6169.18,918.487,5222.81:0.1:-0.861842,-2.09458e-05,-0.507178,0,1,-4.12987e-05,0.507178,-3.5593e-05,-0.861842:ep1\character\creature\hellbug\hellbug_mob\rig\asset\hellbug_mob.nif:69b16428
6169.82,918.487,5227.08:0.1:0.749412,-3.11989e-05,-0.662104,0,1,-4.71209e-05,0.662104,3.53129e-05,0.749412:ep1\character\creature\hellbug\hellbug_mob\rig\asset\hellbug_mob.nif:69b169b8
6172.49,918.487,5223.96:0.1:-0.0207767,4.75324e-05,-0.999784,0,1,4.75426e-05,0.999784,9.87781e-07,-0.0207767:ep1\character\creature\hellbug\hellbug_mob\rig\asset\hellbug_mob.nif:69b16f48
6166.85,918.487,5225.47:0.1:-0.595226,1.99469e-05,-0.803558,0,1,2.48232e-05,0.803558,1.47754e-05,-0.595226:ep1\character\creature\hellbug\hellbug_mob\rig\asset\hellbug_mob.nif:69b174d8
6176.69,918.531,5225.19:0.1:0.169372,-4.29604e-05,-0.985552,0,1,-4.35902e-05,0.985552,7.38294e-06,0.169372:ep1\character\creature\hellbug\hellbug_mob\rig\asset\hellbug_mob.nif:69b17a68
6171.72,918.487,5222.4:0.1:-0.98523,-8.08472e-06,-0.171238,0,1,-4.72134e-05,0.171238,-4.65161e-05,-0.98523:ep1\character\creature\hellbug\hellbug_mob\rig\asset\hellbug_mob.nif:69b17ff8
6088.13,918.521,5245.5:1.05:-0.516627,-2.11983e-05,-0.85621,0,1,-2.47583e-05,0.85621,-1.27908e-05,-0.516627:character\creature\human\human_female_medium\rig\asset\human_female_medium_defiant_guard_caster_01.nif:69b18588
6095.94,920.541,5252.96:1:-0.904843,1.84621e-05,0.425746,0,1,-4.33641e-05,-0.425746,-3.92377e-05,-0.904843:character\creature\bahmi\bahmi_female_medium\rig\asset\bahmi_female_medium_scholar_0_b_unarmed.nif:69b18b18
6097.6,918.521,5242.74:1.05:-0.9914,6.21739e-06,0.130865,0,1,-4.75099e-05,-0.130865,-4.71014e-05,-0.9914:character\creature\human\human_male_medium\rig\asset\human_male_medium_defiant_guard_01.nif:69b190a8
6127.67,918.642,5213.19:1.05:0.573948,-2.25237e-05,0.818892,0,1,2.75051e-05,-0.818892,-1.57865e-05,0.573948:character\creature\human\human_male_medium\rig\asset\human_male_medium_defiant_guard_01.nif:69b19638
6104.47,918.521,5213.65:1:0.240307,-3.63458e-05,-0.970697,0,1,-3.7443e-05,0.970697,8.9978e-06,0.240307:character\creature\critter\critter_cat\rig\asset\critter_cat.nif:69b19bc8
6115.71,918.521,5215.43:1.05:-0.70452,-2.3958e-05,-0.709684,0,1,-3.37587e-05,0.709684,-2.37837e-05,-0.70452:character\creature\human\human_male_medium\rig\asset\human_male_medium_defiant_guard_01.nif:69b1a158
6174.98,918.487,5211.75:1:0.85647,2.44783e-05,-0.516196,0,1,4.74205e-05,0.516196,-4.06142e-05,0.85647:character\creature\human\human_female_medium\rig\asset\human_female_medium_firesand_guard_01_a_unarmed.nif:69b1a6e8
6174.67,918.487,5209.15:1:0.896408,2.08717e-05,-0.443229,0,1,4.709e-05,0.443229,-4.22119e-05,0.896408:character\creature\human\human_male_medium\rig\asset\human_male_medium_firesand_guard_01_a_unarmed.nif:69b1ac78
6176.92,918.487,5210.88:1:0.905596,1.98905e-05,-0.424141,0,1,4.68958e-05,0.424141,-4.24687e-05,0.905596:character\creature\human\human_female_medium\rig\asset\human_female_medium_firesand_guard_01_b_unarmed.nif:69b1b208
6119.4,918.521,5208.53:1.05:-0.471549,-1.99276e-05,-0.88184,0,1,-2.25977e-05,0.88184,-1.0656e-05,-0.471549:character\creature\human\human_female_medium\rig\asset\human_female_medium_defiant_guard_caster_01.nif:69b1b798
6144.64,918.487,5231.18:1:0.84241,1.26076e-05,-0.538837,0,1,2.33979e-05,0.538837,-1.97106e-05,0.84241:character\creature\critter\critter_cat\rig\asset\critter_cat.nif:69b1bd28
6124.02,918.546,5220.78:1.05:0.627212,-2.3407e-05,0.778849,0,1,3.00534e-05,-0.778849,-1.88498e-05,0.627212:character\creature\human\human_female_medium\rig\asset\human_female_medium_defiant_guard_caster_01.nif:69b1c2b8
6137.82,918.586,5231.45:1:-0.549716,2.20097e-05,0.835352,0,1,-2.63478e-05,-0.835352,-1.44838e-05,-0.549716:character\creature\elf\elf_female_medium\rig\asset\elf_female_medium_priestess_0_unarmed.nif:69b1c848
6138.37,921.234,5172.18:1.05:0.924075,1.69265e-05,-0.382212,0,1,4.42856e-05,0.382212,-4.09232e-05,0.924075:character\creature\human\human_female_medium\rig\asset\human_female_medium_defiant_guard_caster_01.nif:69b1cdd8
6077.98,920.933,5280.75:1:-0.635577,1.00874e-05,-0.772038,0,1,1.30659e-05,0.772038,8.30439e-06,-0.635577:character\creature\bahmi\bahmi_female_medium\rig\asset\bahmi_female_medium_artificer_0_b_unarmed.nif:69b1d368
6079.57,920.933,5282.04:0.6:-0.623358,1.02236e-05,-0.781936,0,1,1.30747e-05,0.781936,8.15024e-06,-0.623358:character\creature\arcane\arcane_rockmaul\rig\asset\arcane_rockmaul.nif:69b1d8f8
6139.32,920.84,5174.73:1:0.816781,2.25827e-05,-0.576947,0,1,3.91418e-05,0.576947,-3.19703e-05,0.816781:character\creature\bahmi\bahmi_female_medium\rig\asset\bahmi_female_medium_priestess_0_b_unarmed.nif:69b1de88
6145.23,921.17,5175.77:1.05:0.898101,1.8929e-05,-0.439789,0,1,4.3041e-05,0.439789,-3.86552e-05,0.898101:character\creature\human\human_male_medium\rig\asset\human_male_medium_defiant_guard_01.nif:69b1e418
6149.35,918.487,5202.99:1:-0.496544,-2.0655e-05,-0.868011,0,1,-2.37958e-05,0.868011,-1.18156e-05,-0.496544:character\creature\elf\elf_male_medium\rig\asset\elf_male_medium_brawler_0_a_unarmed.nif:69b1e9a8
6100.89,918.521,5181.83:1.05:0.2076,1.90681e-05,-0.978214,0,1,1.94927e-05,0.978214,-4.04669e-06,0.2076:character\creature\human\human_female_medium\rig\asset\human_female_medium_defiant_guard_caster_01.nif:69b1f4d0
6178.46,938.155,5176.55:1:0.9633,-1.23915e-05,0.268427,0,1,4.61634e-05,-0.268427,-4.44692e-05,0.9633:character\creature\target\target_null\rig\asset\target_null_01.nif:69aa0008
6157.98,918.487,5194.34:0.6:0.495837,-2.06317e-05,0.868416,0,1,2.37579e-05,-0.868416,-1.178e-05,0.495837:character\creature\arcane\arcane_industrial\rig\asset\arcane_industrial.nif:69aa0598
6152.96,918.487,5209.24:1:0.900199,-1.87864e-05,0.435479,0,1,4.31396e-05,-0.435479,-3.88342e-05,0.900199:character\mount\horse\rig\asset\mount_defiant_epic_03.nif:69aa0b28
6152.08,918.487,5201.94:1:-0.590979,-2.28462e-05,-0.806687,0,1,-2.8321e-05,0.806687,-1.67371e-05,-0.590979:character\mount\horse\rig\asset\mount_defiant_01.nif:69aa10b8
6160.02,919.051,5197.82:1:0.270436,1.24769e-05,-0.962738,0,1,1.29598e-05,0.962738,-3.50478e-06,0.270436:character\mount\horse\rig\asset\mount_defiant_03.nif:69aa1648
6145.02,918.549,5205.79:1:-0.985131,8.1108e-06,0.171804,0,1,-4.72095e-05,-0.171804,-4.65075e-05,-0.985131:character\mount\horse\rig\asset\mount_defiant_epic_02.nif:69aa1bd8
6141.45,918.546,5208.07:1:-0.305009,-1.39157e-05,-0.952349,0,1,-1.4612e-05,0.952349,-4.45679e-06,-0.305009:character\mount\horse\rig\asset\mount_defiant_epic_01.nif:69aa2168
6161.01,919.051,5201.73:1:0.301308,1.3768e-05,-0.953527,0,1,1.4439e-05,0.953527,-4.3506e-06,0.301308:character\mount\horse\rig\asset\mount_defiant_04.nif:69aa26f8
6153.38,918.487,5198.88:1:-0.843004,-2.17292e-05,-0.537908,0,1,-4.03958e-05,0.537908,-3.40538e-05,-0.843004:character\mount\horse\rig\asset\mount_defiant_02.nif:69aa2c88
6148.78,918.487,5204.61:1:0.994885,-4.81595e-06,0.101013,0,1,4.76765e-05,-0.101013,-4.74326e-05,0.994885:character\mount\horse\rig\asset\mount_defiant_epic_04.nif:69aa3218
6164.26,918.487,5190.89:1:0.209382,9.81192e-06,-0.977834,0,1,1.00343e-05,0.977834,-2.10101e-06,0.209382:character\creature\elf\elf_male_medium\rig\asset\elf_male_medium_aelfwar_skirmisher_0_unarmed.nif:69aa37a8
6162.58,918.487,5189.76:0.95:0.912427,-1.78943e-05,0.40924,0,1,4.37256e-05,-0.40924,-3.98964e-05,0.912427:character\creature\elf\elf_male_medium\rig\asset\elf_male_medium_kelari_townsfolk_01.nif:69aa3d38
6164.68,918.487,5189.52:1:0.684054,2.3912e-05,-0.729431,0,1,3.27817e-05,0.729431,-2.24244e-05,0.684054:character\creature\particle_entity\will_o_wisp\rig\asset\will_o_wisp.nif:69aa42c8
6161.75,918.487,5192.15:1:-0.611439,2.31858e-05,0.791291,0,1,-2.93012e-05,-0.791291,-1.79159e-05,-0.611439:character\creature\elf\elf_female_medium\rig\asset\elf_female_medium_aelfwar_dominator_ranged_01_unarmed.nif:69aa4858
6161.76,918.487,5190.81:0.9:0.342338,-1.54138e-05,0.939577,0,1,1.64051e-05,-0.939577,-5.61608e-06,0.342338:character\creature\elf\elf_female_medium\rig\asset\elf_female_medium_kelari_enchantress_01.nif:69aa4de8
6173.89,919.67,5175.01:1.05:-0.765955,2.35984e-05,0.642894,0,1,-3.67066e-05,-0.642894,-2.81156e-05,-0.765955:character\creature\human\human_male_medium\rig\asset\human_male_medium_defiant_guard_01.nif:69aa5378
6184.27,918.487,5178.59:1.05:0.943477,-1.49855e-05,0.331437,0,1,4.52136e-05,-0.331437,-4.2658e-05,0.943477:character\creature\human\human_male_medium\rig\asset\human_male_medium_defiant_guard_01.nif:69aa5908
6162.57,918.9,5216.06:1:1,2.29622e-09,-4.79157e-05,0,1,4.79221e-05,4.79157e-05,-4.79221e-05,1:character\creature\human\human_male_medium\rig\asset\human_male_medium_bandit_reginald_0_unarmed.nif:69aa5e98
6181.86,919.67,5172.83:1.05:-0.516135,-2.11855e-05,-0.856507,0,1,-2.47347e-05,0.856507,-1.27664e-05,-0.516135:character\creature\human\human_female_medium\rig\asset\human_female_medium_defiant_guard_caster_01.nif:69aa6428
6151.49,918.498,5211.35:1.1:0.969104,-1.1455e-05,0.246654,0,1,4.64415e-05,-0.246654,-4.50066e-05,0.969104:character\creature\bahmi\bahmi_female_medium\rig\asset\bahmi_female_medium_mount_vendor_01.nif:69aa69b8
6174.63,918.487,5181.11:1.05:0.993924,-5.24272e-06,0.11007,0,1,4.76309e-05,-0.11007,-4.73415e-05,0.993924:character\creature\human\human_female_medium\rig\asset\human_female_medium_defiant_guard_caster_01.nif:69aa6f48
6150.73,918.533,5289.98:1:-0.713714,0,-0.700437,0,1,0,0.700437,0,-0.713714:world_objects\props\_common\creatures\model\asset\P_C_sobek_sparring_dummy_01.nif:69aa74d8
6124.57,918.484,5290.68:1:-0.194121,0,0.980978,0,1,0,-0.980978,0,-0.194121:world_objects\props\_common\creatures\model\asset\P_C_sobek_sparring_dummy_01.nif:69aa7a68
6130.25,918.484,5292.06:1.1:-0.962822,-1.24642e-05,-0.270136,0,1,-4.61405e-05,0.270136,-4.44251e-05,-0.962822:character\creature\human\human_male_medium\rig\asset\human_male_medium_guard_janissary_0_b.nif:69aa7ff8
6115.73,919.67,5286.92:1.05:-0.70452,-2.3958e-05,-0.709684,0,1,-3.37587e-05,0.709684,-2.37837e-05,-0.70452:character\creature\human\human_male_medium\rig\asset\human_male_medium_defiant_guard_01.nif:69aa8588
6147.29,918.487,5271.55:1:0.793529,0,-0.608533,0,1,0,0.608533,0,0.793529:world_objects\props\_common\creatures\model\asset\P_C_sobek_sparring_dummy_01.nif:69aa8b18
6121.91,918.505,5286.44:1.05:-0.0323721,1.55531e-06,0.999476,0,1,-1.55613e-06,-0.999476,-5.03751e-08,-0.0323721:character\creature\human\human_female_medium\rig\asset\human_female_medium_defiant_guard_caster_01.nif:69aa90a8
6140.12,918.497,5268.59:1:0.982227,0,-0.187697,0,1,0,0.187697,0,0.982227:world_objects\props\_common\creatures\model\asset\P_C_sobek_sparring_dummy_01.nif:69aa9638
6150.88,919.676,5185.13:1:0.503645,-0,-0.86391,0,1,-0,0.86391,0,0.503645:world_objects\props\plains\magical\model\P_P_ethian_life_factory_eth_prop_medium_01_avstate\asset\P_P_ethian_life_factory_eth_prop_medium_01_avstate.nif:69aa9bc8
6117.33,918.543,5248.78:1:0.986857,-0,-0.161596,0,1,-0,0.161596,0,0.986857:world_objects/props/plains/magical/model/asset/P_P_magitech_connector_04.nif:69aaa158
6121.9,918.51,5255.68:1:0.161629,0,0.986852,0,1,0,-0.986852,0,0.161629:world_objects/props/plains/magical/model/asset/P_P_magitech_connector_01.nif:69aaa6e8
6119.76,918.486,5257.72:1:-0.15742,0,0.987532,0,1,0,-0.987532,0,-0.15742:world_objects/props/plains/magical/model/asset/P_P_magitech_lamp_01.nif:69aaac78
6122.1,918.538,5245.31:1:-0.999316,0,0.036991,0,1,0,-0.036991,0,-0.999316:world_objects/props/plains/magical/model/asset/P_P_magitech_connector_03.nif:69aab208
6124.82,918.537,5247.17:1:0.521935,0,0.852985,0,1,0,-0.852985,0,0.521935:world_objects/props/plains/magical/model/asset/P_P_magitech_plant_01.nif:69aab798
6123.47,918.509,5256.35:0.708035:1,0,0,0,1,0,0,0,1:world_objects/props/plains/magical/model/asset/P_P_sourcestone_corrupted_01.nif:69aabd28
6123.68,918.486,5255.51:1:1,0,0,0,1,0,0,0,1:world_objects/props/plains/magical/model/asset/P_P_sourcestone_corrupted_01.nif:69aac2b8
6123.97,918.561,5253.66:1:1,0,0,0,1,0,0,0,1:world_objects\nature\plains\plants\model\asset\N_P_rift_plant_07.nif:69aac848
6172.85,918.505,5225.27:1:-0.502026,-2.0807e-05,-0.864853,0,1,-2.40585e-05,0.864853,-1.2078e-05,-0.502026:character\creature\elf\elf_female_medium\rig\asset\elf_female_medium_kelari_flame_keeper_01.nif:69aacdd8
6169.46,918.487,5225.54:0.1:-0.613108,1.6304e-05,0.789999,0,1,-2.0638e-05,-0.789999,-1.26533e-05,-0.613108:ep1\character\creature\hellbug\hellbug_mob\rig\asset\hellbug_mob.nif:69aad368
6173.03,918.518,5227.21:1:0.421861,1.83292e-05,-0.906661,0,1,2.02161e-05,0.906661,-8.5284e-06,0.421861:character\creature\human\human_female_medium\rig\asset\human_female_medium_bandit_magic_0_b_unarmed.nif:69aad8f8
6119.15,918.484,5276.47:1.05:-0.0926402,4.42546e-06,0.9957,0,1,-4.44457e-06,-0.9957,-4.11746e-07,-0.0926402:character\creature\human\human_male_medium\rig\asset\human_male_medium_defiant_guard_01.nif:69aade88
6151.74,918.487,5278.46:1:0.314627,0,-0.949215,0,1,0,0.949215,0,0.314627:world_objects\props\_common\creatures\model\asset\P_C_sobek_sparring_dummy_01.nif:69aae418
6113.47,919.67,5279.2:1.05:0.809525,2.27754e-05,-0.587085,0,1,3.87941e-05,0.587085,-3.14048e-05,0.809525:character\creature\human\human_female_medium\rig\asset\human_female_medium_defiant_guard_caster_01.nif:69aae9a8
6152.59,918.533,5286.31:1:-0.0336175,0,-0.999435,0,1,0,0.999435,0,-0.0336175:world_objects\props\_common\creatures\model\asset\P_C_sobek_sparring_dummy_01.nif:69aaef38
6124.47,918.624,5215.84:1.05:-0.509469,-2.30766e-05,-0.860489,0,1,-2.6818e-05,0.860489,-1.36629e-05,-0.509469:character\creature\human\human_female_medium\rig\asset\human_female_medium_defiant_guard_caster_01.nif:69aaf4c8
6098.01,920.096,5248.85:1.05:0.829574,0,-0.558396,0,1,0,0.558396,0,0.829574:character\player\bahmi_male\rig\asset\bahmi_male.nif:69a6a240
6138.55,918.484,5283.74:1:-1,4.58887e-09,9.57568e-05,0,1,-4.79221e-05,-9.57568e-05,-4.79221e-05,-1:character\creature\human\human_male_medium\rig\asset\human_male_medium_guard_janissary_0_a.nif:68260008
6146.43,918.487,5272.69:1:-0.774151,2.34839e-05,0.633001,0,1,-3.70993e-05,-0.633001,-2.87205e-05,-0.774151:character\creature\human\human_male_medium\rig\asset\human_male_medium_guard_stonefield_defender_01_b.nif:68260598
6138.55,918.484,5281.74:1.15:1,2.29622e-09,-4.79157e-05,0,1,4.79221e-05,4.79157e-05,-4.79221e-05,1:character\creature\human\human_male_medium\rig\asset\human_male_medium_defiant_guard_01_unarmed.nif:68260b28
6145.66,918.51,5291.36:1:0.965155,1.21035e-05,-0.261678,0,1,4.62535e-05,0.261678,-4.46418e-05,0.965155:character\creature\razorbeast\razorbeast_small\rig\asset\razorbeast_pet_greater.nif:68261650
6150.27,919.67,5184.2:1:-0.888781,-1.95214e-05,-0.458332,0,1,-4.25923e-05,0.458332,-3.78553e-05,-0.888781:character\creature\elf\elf_male_medium\rig\asset\elf_male_medium_alchemist_0_b.nif:68261be0
6120.4,918.543,5246.99:1:-0.879467,-8.6069e-06,-0.47596,0,1,-1.80832e-05,0.47596,-1.59036e-05,-0.879467:character\creature\elf\elf_male_medium\rig\asset\elf_male_medium_blacksmith_0_b_unarmed.nif:68262170
6121.22,918.495,5253.12:1:0.546869,-3.97673e-05,0.837218,0,1,4.74994e-05,-0.837218,-2.59759e-05,0.546869:character\creature\human\human_female_medium\rig\asset\human_female_medium_firesand_vendor_01_b_unarmed.nif:68262700
6133.54,918.484,5273.69:1:0.674561,-2.38641e-05,0.738219,0,1,3.23265e-05,-0.738219,-2.18062e-05,0.674561:character/creature/bahmi/bahmi_male_medium/rig/asset/bahmi_male_medium_sailor_0_a.nif:68262c90
